-15.7771 45.2902
-4.96814 47.0391
42.2184 38.5013
42.9804 40.9188
42.9804 40.9188
48.5593 46.1769
49.5271 45.162
49.4062 34.1225
49.843 34.7975
49.6646 34.6689
48.6084 35.7311
49.8146 35.2681
48.0336 34.6911
47.3298 34.0862
46.8008 33.8475
46.8008 33.8475
47.3576 34.4509
47.4132 34.5376
47.4132 34.5376
46.5439 35.2875
47.3868 35.5627
48.5333 38.5975
48.5333 38.5975
34.8952 39.2544
32.3633 51.1121
32.3633 51.1121
32.9762 45.3179
30.149 48.7679
30.2798 48.9265
37.2462 43.1625
30.5545 49.2071
33.9719 39.9107
31.2638 45.2138
37.5531 44.8092
38.2173 44.2272
28.4528 46.7238
31.6006 50.3753
37.4286 44.3511
37.2137 44.3535
37.0612 44.3173
37.4465 43.5336
36.7955 37.699
36.7955 37.699
36.9791 43.7711
41.8845 36.9388
27.5787 45.9848
27.5787 45.9848
32.2972 48.6615
48.5532 37.5051
48.5532 37.5051
48.4969 37.6339
35.9419 44.2274
36.5637 44.3584
29.2054 47.5403
29.2054 47.5403
28.9265 47.3255
33.3742 50.0777
28.4751 46.8888
31.2368 48.8036
30.4276 49.0542
30.356 48.9986
29.2494 47.6273
29.8277 48.5422
29.8277 48.5422
31.3443 50.2555
29.937 48.5331
28.8169 47.2401
30.4772 49.0947
30.3931 49.0112
30.3931 49.0112
30.2097 48.7198
29.4303 47.9418
32.2517 49.3795
29.4959 47.8649
30.7269 49.629
30.7269 49.629
30.1615 48.8517
30.2048 48.9047
30.3668 48.9566
30.3668 48.9566
31.7151 49.1849
31.7151 49.1849
31.8328 49.2909
30.7396 49.5473
30.6027 49.2356
30.6377 49.2682
38.7752 37.3043
38.8475 38.4872
42.0965 36.9015
42.1247 36.8332
39.0754 38.2697
42.2832 36.9037
30.4916 49.2053
30.5432 49.262
30.5432 49.262
30.0876 47.5433
29.172 46.9381
30.4191 48.9912
32.8542 49.0713
30.4454 47.6436
30.4454 47.6436
32.1491 49.406
32.0807 49.4073
32.0807 49.4073
31.9217 49.2844
31.9713 49.2921
31.9713 49.2921
31.9566 49.3082
32.5501 48.6163
32.5501 48.6163
31.7956 48.5666
32.6577 48.6529
40.4498 37.2796
40.4783 37.1874
31.8443 48.5921
29.4932 47.8509
29.4956 47.8579
32.1369 49.4459
32.1369 49.4459
32.1419 48.7071
32.9047 48.7628
40.55 37.1742
40.5027 37.2983
40.5027 37.2983
37.6565 38.8873
37.6565 38.8873
29.6212 47.1359
32.175 49.4254
32.1395 49.4222
32.6616 48.8136
38.4857 38.6775
38.4712 38.743
38.452 38.6993
38.452 38.6993
38.3945 38.7647
38.3945 38.7647
37.7185 38.7869
37.7464 38.957
37.7194 39.0454
31.3711 50.1178
28.7246 47.106
28.7246 47.106
28.7246 47.106
28.7246 47.106
28.6392 47.0104
37.4134 39.1417
31.8482 47.7966
31.9037 48.5092
31.9313 48.5392
32.0717 48.1544
37.4991 39.2307
37.5211 39.1304
37.5211 39.1304
32.8366 49.9403
32.8711 49.9498
32.8681 49.9616
32.8681 49.9616
32.8681 49.9616
32.9813 49.0792
29.011 47.377
34.5221 50.0833
34.5912 50.1558
33.1246 50.1889
33.4494 49.3379
32.8503 48.7255
32.8664 48.7213
26.8706 45.0004
27.0489 45.2846
32.0351 48.1814
32.7359 48.8615
26.8133 45.034
31.2429 48.0021
26.6919 44.8713
26.6919 44.8713
26.6857 44.9965
26.6165 44.8641
26.6165 44.8641
27.7575 45.6393
32.2927 48.8462
32.2927 48.8462
28.0479 45.7722
38.9155 38.4295
26.856 44.9953
26.3395 44.503
27.7024 45.6505
27.7024 45.6505
27.7024 45.6505
30.8341 47.9034
31.023 48.0758
30.6128 47.8185
31.7829 48.471
31.7829 48.471
31.7829 48.471
29.1422 46.7823
30.9196 48.0144
32.6744 49.866
32.6744 49.866
32.6744 49.866
32.748 49.8427
32.7608 49.8304
30.0409 47.4926
31.4785 48.3482
30.8479 47.9473
31.3737 48.2601
30.941 48.0002
31.4067 48.2902
30.8572 47.9281
32.61 49.7744
32.7075 49.7783
32.5142 49.7477
32.5183 49.6665
32.5361 49.6399
32.4397 49.7162
32.3827 49.6737
32.4268 49.6253
32.6288 49.5731
32.2782 48.3616
32.2782 48.3616
32.2782 48.3616
32.0962 48.2171
32.1346 48.2208
32.4356 49.3996
30.139 47.542
30.139 47.542
30.8636 47.9436
32.3438 48.4154
32.3438 48.4154
32.5723 48.8593
30.0689 47.5059
30.0904 47.4706
31.4761 48.3092
31.5427 48.3575
32.407 48.4149
32.4491 48.4544
32.4491 48.4544
30.8234 48.5091
30.8234 48.5091
31.4522 48.3002
30.4738 48.2476
30.4738 48.2476
30.1042 47.5263
30.1042 47.5263
29.604 47.2283
29.7665 47.2198
29.7421 47.1968
29.5976 47.1205
29.9851 47.3899
30.0206 47.4158
29.678 47.1522
29.9158 47.3378
28.7769 46.5153
29.6268 47.1386
29.8197 47.2757
28.7903 46.5288
29.7206 47.1919
29.7428 47.2097
29.7428 47.2097
28.7393 46.4862
29.6594 47.2718
29.775 47.2137
31.9055 49.3255
30.3045 47.9173
29.6009 47.109
30.2509 47.8739
29.8632 47.2966
30.26 47.8523
29.8127 47.2712
29.53 47.0306
29.53 47.0306
29.9558 47.3708
29.9558 47.3708
30.3574 48.1312
30.3574 48.1312
30.2378 47.7246
30.4014 47.9819
30.4014 47.9819
29.5957 47.2035
29.7611 47.3537
29.0297 46.7325
32.1761 48.675
32.189 49.6187
32.2258 49.6317
29.2129 46.8695
32.1708 49.5447
29.7151 47.309
29.6565 47.1601
29.6825 47.1764
29.6822 47.143
29.6822 47.143
29.744 47.1917
31.2971 48.1315
31.947 48.5525
29.4267 47.0438
29.5343 47.0556
29.4382 47.045
29.5091 47.0369
29.4836 46.9959
29.4066 47.0182
29.4425 47.0486
29.5335 47.0562
30.2571 47.8738
30.2286 47.8595
30.2838 47.9524
30.245 47.7312
30.2303 47.8507
29.5748 47.0562
28.5425 46.3192
30.2865 47.8979
30.2865 47.8979
31.8639 49.2521
31.8639 49.2521
31.8639 49.2521
30.3569 47.9468
30.0712 47.8859
30.0712 47.8859
29.2273 47.5809
29.2403 47.6037
30.2512 47.8574
29.5383 46.3875
29.4651 46.3345
29.4651 46.3345
30.2665 47.8875
29.7451 47.2158
29.7451 47.2158
29.6107 47.1019
28.6823 46.4441
29.6723 47.1772
29.6353 47.1208
29.6406 47.132
29.0694 46.7694
29.0694 46.7694
29.2885 46.932
29.4751 46.98
29.281 46.9247
29.281 46.9247
30.0811 47.4974
31.2718 48.1264
31.2208 48.0854
31.2208 48.0854
29.3563 46.9832
29.3834 47.0006
29.3664 46.9914
29.2842 46.9284
29.5069 47.0465
29.6118 47.0893
28.8739 47.1856
29.7258 47.2057
29.7095 47.1833
29.7095 47.1833
29.0034 46.0597
29.7106 47.1712
29.6391 47.1216
29.7372 47.1846
28.9282 47.2205
29.6513 46.4463
28.7073 46.5034
28.7686 46.4985
28.7071 46.421
28.8088 46.483
29.5793 46.41
29.5913 46.405
29.5913 46.405
29.5309 46.387
29.5333 46.3631
29.5669 46.4046
29.5669 46.4046
29.6601 46.4507
29.6832 46.4636
28.7618 46.4691
29.5574 46.3992
29.551 46.3892
29.5599 46.3817
29.4822 46.3467
28.7489 45.9247
28.7489 45.9247
29.1188 46.1022
28.7369 45.8854
29.2373 46.2199
28.7543 45.8952
28.7828 45.9068
29.5267 46.3611
29.4903 46.3447
30.0213 47.8478
29.4 46.3164
29.4 46.3164
29.5645 46.3876
29.5645 46.3876
29.6499 47.1456
30.1529 47.5501
29.6935 47.1496
29.6935 47.1496
28.4381 46.2376
28.7084 46.456
28.871 46.018
29.5763 46.396
29.3492 46.274
29.3196 46.2615
29.3552 46.9833
29.3552 46.9833
29.4519 47.0011
29.4519 47.0011
29.4188 47.027
29.3623 46.9859
29.3623 46.9859
29.4237 47.0312
