96
14 0
1 1 25.96966 44.44577
5 1278 2319 0
1 2 25.965965 44.336735
1 3 25.927 44.176857
1 4 25.804914 44.474495
1 5 26.047882 44.290497
2 1 2.9873094627998737 4.1296186324496205
2 0 3.208566980164757 3.1919495083244676
3 0 1
14 1
4 92 0 1 1 396
2 3 1.5772340613320583 0.7517087882684415
5 2457 2751 0
2 2 2.116716632018836 0.07935737776935348
5 206 2317 0
3 2 3
4 2027 0 1 3 -1
2 4 2.4250738738794246 3.2578166293975244
3 1 4
4 48119 0 3 3 728
2 6 3.8654216692774983 4.8840884380943175
2 5 0.14019468599243745 2.7469625493816006
5 918 2900 0
3 5 6
4 3332 1000 4 3 621
2 8 3.5048569754701036 2.1014766543993044
2 7 2.8145490014871433 3.234070717748829
3 7 8
4 24357 1000 5 4 -1
2 10 1.8048907861474495 2.8109485681465065
5 2630 2804 0
2 9 2.0056787719516063 3.521790439781322
3 9 10
4 24420 1000 2 5 151
2 12 1.9884055257706308 3.1595406121988323
2 11 1.5918813142381043 1.3765798307042383
3 11 12
4 49820 1000 6 4 -1
2 14 1.9323798529020786 4.270539265578988
2 13 3.6880864982514545 3.1903479882501724
5 2927 2929 0
5 1470 2283 0
3 13 14
5 2458 2977 0
4 55750 1000 8 1 876
2 16 4.406851679766886 4.971694239261285
2 15 1.1296268935838634 3.425312963527802
3 15 16
4 17576 2000 3 2 355
5 198 2348 6
2 18 3.7682374863365946 3.273437858449352
2 17 4.05944873866261 0.15185778702824948
3 17 18
4 3662 3000 9 1 941
5 1273 1913 0
6 0 3000 4068
6 0 2000 3127
6 0 100 1124
7 1 1 9
7 7 6 9 8 4 3 1 2
7 2 2 9 8
8 0 3000 1 3
8 0 1000 1 2
8 0 0 3 2
8 0 0 2 0
9 1 1 1 941
9 1 3 1 728
9 3 4 0
9 3 5 1 151
10 2 5 1 50.27251279343448
10 2 1 2 47.93439844067318 47.42409197173365
11 1 1 1 0
4 121 86400 9 5 142
7 4 4 8 4 3 9
7 3 3 8 4 3
11 2 1 1 0
11 2 5 2 0 1
4 122 86400 9 5 142
11 2 5 2 1 0
13 0
12 9 3 2 2 2 2 2 2 2 2
14 2
3 1 2
14 3
13 1
12 8 5 2 2 2 2 2 2 2
3 13 11
12 7 4 5 2 2 2 2 2
3 13 15
12 6 6 5 2 2 2 2
13 13
15 1 1 0
15 3 3 0 9 5
16 12 0 1.2 5 1.0 7 0.5 9 1.5 17 0 11 0
14 3
